path,sha256
candidate.py,ec20f485d3a62acdb97a2549ad364c55914d464fe100258ab09e2fcf8456c316
CHANGE.md,81ed308e057de0aef438ee1bfcd8bfb0713f0cc76e072b2daf4326affde9fd7a
engine.py,ae9df15a5e10c7238f69f037d6b665eae013143559a82b42fe2b4e46dcce8f1b
OBSERVATION.md,e97e6389c8ddb3e5836b2d295a20fbe6c9de46fb31c5714fa87d588069bc4452
parent_engine.py,08753f0491533596d3ddbfbe1d0050a5d4a4d4caa47cdc3f1a89036646b7dc22
README.md,d911a5ffbe1d024c4fc222376a620b2b926bbfc18ba46b508a48b9ed5a77c759
